1 1 100000 0m11.686s
1 2 100000 0m5.995s
1 3 100000 0m4.848s
1 4 100000 0m4.018s
1 5 100000 0m3.430s
1 6 100000 0m3.129s
1 7 100000 0m2.922s
1 8 100000 0m2.711s
1 9 100000 0m2.589s
1 10 100000 0m2.455s
1 11 100000 0m2.366s
1 12 100000 0m2.310s
2 1 100000 0m6.010s
2 2 100000 0m4.357s
2 3 100000 0m3.430s
2 4 100000 0m3.032s
2 5 100000 0m2.712s
2 6 100000 0m2.574s
2 7 100000 0m2.496s
2 8 100000 0m2.479s
2 9 100000 0m2.470s
2 10 100000 0m2.447s
2 11 100000 0m2.479s
2 12 100000 0m2.556s
3 1 100000 0m4.841s
3 2 100000 0m3.397s
3 3 100000 0m2.759s
3 4 100000 0m2.423s
3 5 100000 0m2.239s
3 6 100000 0m2.209s
3 7 100000 0m2.155s
3 8 100000 0m2.169s
3 9 100000 0m2.229s
3 10 100000 0m2.249s
3 11 100000 0m2.360s
3 12 100000 0m2.570s
4 1 100000 0m4.036s
4 2 100000 0m2.958s
4 3 100000 0m2.399s
4 4 100000 0m2.126s
4 5 100000 0m2.042s
4 6 100000 0m2.025s
4 7 100000 0m2.071s
4 8 100000 0m2.088s
4 9 100000 0m2.112s
4 10 100000 0m2.333s
4 11 100000 0m2.322s
4 12 100000 0m2.478s
1 1 1000000 19m7.665s
1 2 1000000 9m36.514s
1 3 1000000 7m38.443s
1 4 1000000 6m10.426s
1 5 1000000 5m6.545s
1 6 1000000 4m33.677s
1 7 1000000 4m5.142s
1 8 1000000 3m42.022s
1 9 1000000 3m21.041s
1 10 1000000 3m4.449s
1 11 1000000 2m50.783s
1 12 1000000 2m39.076s
2 1 1000000 9m36.938s
2 2 1000000 6m10.796s
2 3 1000000 4m30.280s
2 4 1000000 3m40.887s
2 5 1000000 3m4.666s
2 6 1000000 2m40.024s
2 7 1000000 2m19.682s
2 8 1000000 2m4.039s
2 9 1000000 1m51.616s
2 10 1000000 1m41.791s
2 11 1000000 1m33.580s
2 12 1000000 1m27.132s
3 1 1000000 7m38.267s
3 2 1000000 4m30.700s
3 3 1000000 3m20.659s
3 4 1000000 2m38.732s
3 5 1000000 2m10.877s
3 6 1000000 1m51.594s
3 7 1000000 1m37.458s
3 8 1000000 1m26.441s
3 9 1000000 1m17.850s
3 10 1000000 1m10.890s
3 11 1000000 1m5.207s
3 12 1000000 1m0.553s
4 1 1000000 6m10.417s
4 2 1000000 3m41.476s
4 3 1000000 2m39.150s
4 4 1000000 2m3.752s
4 5 1000000 1m41.956s
4 6 1000000 1m26.540s
4 7 1000000 1m15.470s
4 8 1000000 1m6.874s
4 9 1000000 1m0.073s
4 10 1000000 0m54.781s
4 11 1000000 0m50.516s
4 12 1000000 0m47.142s
