1 1 38.1013
1 10 41.6471
1 100 79.5433
1 1000 459.2269
1 10000 4087.7104
2 1 41.1295
2 10 44.8526
2 100 77.0733
2 1000 409.6136
2 10000 3662.0119
3 1 46.8715
3 10 49.8425
3 100 76.6494
3 1000 365.4557
3 10000 3229.3853
4 1 50.8042
4 10 52.2124
4 100 76.527
4 1000 320.2993
4 10000 2785.8082
5 1 53.0398
5 10 54.0058
5 100 74.6095
5 1000 276.2537
5 10000 2337.2965
6 1 52.6998
6 10 53.7553
6 100 71.5385
6 1000 234.5786
6 10000 1880.0284
7 1 52.8962
7 10 54.4092
7 100 67.3852
7 1000 190.6635
7 10000 1426.9676
8 1 52.8178
8 10 54.061
8 100 62.421
8 1000 145.3895
8 10000 974.4725
9 1 52.4906
9 10 52.5379
9 100 56.9915
9 1000 98.9261
9 10000 518.3945
10 1 50.7828
10 10 50.7875
10 100 50.7878
10 1000 50.7761
10 10000 50.7511
