1 1 100000 0.2
1 2 100000 0.25
1 3 100000 0.276
1 4 100000 0.317
1 5 100000 0.369
1 6 100000 0.408
1 7 100000 0.482
1 8 100000 0.543
1 9 100000 0.532
1 10 100000 0.582
1 11 100000 0.659
1 12 100000 0.718
2 1 100000 0.246
2 2 100000 0.625
2 3 100000 0.75
2 4 100000 0.76
2 5 100000 0.809
2 6 100000 0.927
2 7 100000 1.048
2 8 100000 1.112
2 9 100000 1.242
2 10 100000 1.379
2 11 100000 1.517
2 12 100000 1.631
3 1 100000 0.273
3 2 100000 0.657
3 3 100000 0.691
3 4 100000 0.788
3 5 100000 0.886
3 6 100000 0.99
3 7 100000 1.1
3 8 100000 1.255
3 9 100000 1.351
3 10 100000 1.561
3 11 100000 1.586
3 12 100000 1.887
4 1 100000 0.328
4 2 100000 0.627
4 3 100000 0.712
4 4 100000 0.812
4 5 100000 0.922
4 6 100000 1.052
4 7 100000 1.197
4 8 100000 1.334
4 9 100000 1.427
4 10 100000 1.628
4 11 100000 1.769
4 12 100000 1.92
1 1 1000000 0.304
1 2 1000000 0.311
1 3 1000000 0.336
1 4 1000000 0.387
1 5 1000000 0.428
1 6 1000000 0.473
1 7 1000000 0.525
1 8 1000000 0.613
1 9 1000000 0.641
1 10 1000000 0.652
1 11 1000000 0.688
1 12 1000000 0.768
2 1 1000000 0.311
2 2 1000000 0.689
2 3 1000000 0.768
2 4 1000000 0.829
2 5 1000000 0.902
2 6 1000000 1.006
2 7 1000000 1.118
2 8 1000000 1.23
2 9 1000000 1.322
2 10 1000000 1.503
2 11 1000000 1.589
2 12 1000000 1.813
3 1 1000000 0.347
3 2 1000000 0.709
3 3 1000000 0.757
3 4 1000000 0.852
3 5 1000000 0.952
3 6 1000000 1.074
3 7 1000000 1.216
3 8 1000000 1.356
3 9 1000000 1.528
3 10 1000000 1.721
3 11 1000000 1.731
3 12 1000000 1.89
4 1 1000000 0.382
4 2 1000000 0.715
4 3 1000000 0.786
4 4 1000000 0.908
4 5 1000000 1.008
4 6 1000000 1.142
4 7 1000000 1.27
4 8 1000000 1.432
4 9 1000000 1.589
4 10 1000000 1.691
4 11 1000000 1.879
4 12 1000000 2.048
1 1 10000000 13.662
1 2 10000000 1.118
1 3 10000000 1.068
1 4 10000000 1.059
1 5 10000000 1.451
1 6 10000000 1.163
1 7 10000000 1.197
1 8 10000000 1.237
1 9 10000000 1.312
1 10 10000000 1.32
1 11 10000000 1.402
1 12 10000000 1.462
2 1 10000000 1.13
2 2 10000000 1.372
2 3 10000000 1.421
2 4 10000000 1.471
2 5 10000000 1.58
2 6 10000000 1.687
2 7 10000000 1.892
2 8 10000000 2.019
2 9 10000000 2.151
2 10 10000000 2.258
2 11 10000000 2.476
2 12 10000000 2.688
3 1 10000000 1.06
3 2 10000000 1.384
3 3 10000000 1.449
3 4 10000000 1.561
3 5 10000000 1.711
3 6 10000000 1.869
3 7 10000000 2.067
3 8 10000000 2.297
3 9 10000000 2.398
3 10 10000000 2.634
3 11 10000000 2.864
3 12 10000000 3.099
4 1 10000000 1.059
4 2 10000000 1.395
4 3 10000000 1.503
4 4 10000000 1.65
4 5 10000000 1.835
4 6 10000000 2.046
4 7 10000000 2.234
4 8 10000000 2.453
4 9 10000000 2.62
4 10 10000000 2.913
4 11 10000000 3.062
4 12 10000000 3.484
1 1 84000000 29.218
1 2 84000000 8.306
1 3 84000000 7.22
1 4 84000000 6.817
1 5 84000000 6.656
1 6 84000000 6.657
1 7 84000000 6.706
1 8 84000000 6.722
1 9 84000000 6.794
1 10 84000000 6.957
1 11 84000000 7.055
1 12 84000000 7.222
2 1 84000000 8.29
2 2 84000000 9.962
2 3 84000000 6.967
2 4 84000000 6.982
2 5 84000000 7.214
2 6 84000000 7.548
2 7 84000000 7.829
2 8 84000000 8.192
2 9 84000000 8.539
2 10 84000000 8.974
2 11 84000000 9.329
2 12 84000000 9.733
3 1 84000000 9.645
3 2 84000000 6.993
3 3 84000000 7.064
3 4 84000000 7.404
3 5 84000000 7.855
3 6 84000000 8.347
3 7 84000000 8.894
3 8 84000000 9.419
3 9 84000000 9.968
3 10 84000000 10.616
3 11 84000000 11.224
3 12 84000000 11.709
4 1 84000000 6.808
4 2 84000000 6.989
4 3 84000000 7.4
4 4 84000000 7.979
4 5 84000000 8.588
4 6 84000000 9.268
4 7 84000000 10.031
4 8 84000000 10.696
4 9 84000000 11.432
4 10 84000000 12.279
4 11 84000000 12.991
4 12 84000000 13.957
