1 1 100000 12.188
1 2 100000 6.261
1 3 100000 5.199
1 4 100000 4.328
1 5 100000 3.776
1 6 100000 3.438
1 7 100000 3.274
1 8 100000 3.136
1 9 100000 3.012
1 10 100000 2.83
1 11 100000 2.759
1 12 100000 2.565
2 1 100000 6.31
2 2 100000 4.897
2 3 100000 4.008
2 4 100000 3.575
2 5 100000 3.372
2 6 100000 3.187
2 7 100000 3.107
2 8 100000 3.158
2 9 100000 3.167
2 10 100000 3.113
2 11 100000 3.305
2 12 100000 3.174
3 1 100000 5.201
3 2 100000 4.108
3 3 100000 3.495
3 4 100000 3.045
3 5 100000 2.999
3 6 100000 2.971
3 7 100000 2.996
3 8 100000 2.944
3 9 100000 3.072
3 10 100000 3.076
3 11 100000 3.418
3 12 100000 3.303
1 1 1000000 1187.347
1 2 1000000 598.699
1 3 1000000 479.798
1 4 1000000 389.045
1 5 1000000 323.259
1 6 1000000 288.971
1 7 1000000 260.492
1 8 1000000 236.362
1 9 1000000 215.656
1 10 1000000 197.801
1 11 1000000 183.727
1 12 1000000 169.427
2 1 1000000 598.33
2 2 1000000 392.53499999999997
2 3 1000000 289.564
2 4 1000000 240.197
2 5 1000000 202.675
2 6 1000000 177.07999999999998
2 7 1000000 155.585
2 8 1000000 141.136
2 9 1000000 126.96
2 10 1000000 115.965
2 11 1000000 107.013
2 12 1000000 98.22399999999999
3 1 1000000 479.679
3 2 1000000 291.932
3 3 1000000 221.09300000000002
3 4 1000000 176.34300000000002
3 5 1000000 147.443
3 6 1000000 127.963
3 7 1000000 112.01400000000001
3 8 1000000 99.34700000000001
3 9 1000000 90.339
3 10 1000000 82.624
3 11 1000000 77.94
3 12 1000000 71.388
4 1 1000000 389.155
4 2 1000000 240.312
4 3 1000000 176.165
4 4 1000000 140.093
4 5 1000000 117.173
4 6 1000000 99.89
4 7 1000000 88.28999999999999
4 8 1000000 80.076
4 9 1000000 72.561
4 10 1000000 66.932
4 11 1000000 64.196
4 12 1000000 56.498
