1 1 1 4.643
1 2 1 3.41
1 2 2 3.423
1 3 1 3.839
1 3 3 3.907
1 4 1 3.056
1 4 2 3.071
1 4 4 3.115
1 5 1 3.03
1 5 5 3.134
1 6 1 2.625
1 6 2 2.647
1 6 3 2.67
1 6 6 2.724
1 7 1 2.398
1 7 7 2.543
1 8 1 2.152
1 8 2 2.182
1 8 4 2.226
1 8 8 2.335
1 9 1 1.94
1 9 3 1.99
1 9 9 2.157
1 10 1 1.81
1 10 2 1.836
1 10 5 1.91
1 10 10 2.032
1 11 1 1.627
1 11 11 1.907
1 12 1 1.559
1 12 2 1.587
1 12 3 1.611
1 12 4 1.634
1 12 6 1.685
1 12 12 1.828
2 1 1 4.638
2 2 1 3.383
2 2 2 3.403
2 3 1 2.922
2 3 3 2.992
2 4 1 2.482
2 4 2 2.518
2 4 4 2.606
2 5 1 2.128
2 5 5 2.315
2 6 1 1.885
2 6 2 1.915
2 6 3 1.958
2 6 6 2.146
2 7 1 1.692
2 7 7 2.037
2 8 1 1.555
2 8 2 1.608
2 8 4 1.706
2 8 8 1.981
2 9 1 1.452
2 9 3 1.54
2 9 9 1.947
2 10 1 1.371
2 10 2 1.415
2 10 5 1.558
2 10 10 1.918
2 11 1 1.268
2 11 11 1.943
2 12 1 1.196
2 12 2 1.235
2 12 3 1.294
2 12 4 1.323
2 12 6 1.468
2 12 12 1.945
3 1 1 4.635
3 2 1 2.969
3 2 2 2.977
3 3 1 2.287
3 3 3 2.376
3 4 1 1.908
3 4 2 1.93
3 4 4 2.049
3 5 1 1.579
3 5 5 1.793
3 6 1 1.505
3 6 2 1.521
3 6 3 1.571
3 6 6 1.766
3 7 1 1.306
3 7 7 1.641
3 8 1 1.234
3 8 2 1.256
3 8 4 1.367
3 8 8 1.723
3 9 1 1.159
3 9 3 1.246
3 9 9 1.733
3 10 1 1.051
3 10 2 1.099
3 10 5 1.291
3 10 10 1.741
3 11 1 1.032
3 11 11 1.789
3 12 1 0.981
3 12 2 0.993
3 12 3 1.056
3 12 4 1.117
3 12 6 1.244
3 12 12 1.815
