1 1 1 454.31
1 2 1 231.047
1 2 2 454.416
1 3 1 154.95499999999998
1 3 3 227.301
1 4 1 119.19800000000001
1 4 2 229.59300000000002
1 4 4 151.676
1 5 1 98.485
1 5 5 113.844
1 6 1 80.888
1 6 2 154.883
1 6 3 115.423
1 6 6 91.131
1 7 1 70.899
1 7 7 76.027
1 8 1 61.613
1 8 2 119.162
1 8 4 76.705
1 8 8 65.242
1 9 1 56.57
1 9 3 77.334
1 9 9 57.159
1 10 1 50.3
1 10 2 96.471
1 10 5 57.573
1 10 10 50.847
1 11 1 47.4
1 11 11 45.838
1 12 1 42.841
1 12 2 81.621
1 12 3 59.15
1 12 4 51.857
1 12 6 46.598
1 12 12 41.756
2 1 1 454.544
2 2 1 230.391
2 2 2 151.93
2 3 1 154.607
2 3 3 91.39
2 4 1 116.71600000000001
2 4 2 77.119
2 4 4 65.481
2 5 1 94.795
2 5 5 51.123
2 6 1 79.77
2 6 2 52.268
2 6 3 46.466
2 6 6 41.998
2 7 1 69.465
2 7 7 35.715
2 8 1 61.389
2 8 2 39.442
2 8 4 33.423
2 8 8 31.136
2 9 1 55.059
2 9 3 31.505
2 9 9 27.641
2 10 1 50.007
2 10 2 31.963
2 10 5 26.229
2 10 10 24.921
2 11 1 46.776
2 11 11 22.743
2 12 1 43.278
2 12 2 26.96
2 12 3 23.963
2 12 4 22.692
2 12 6 21.738
2 12 12 20.952
3 1 1 227.406 
3 2 1 115.077
3 2 2 91.34700000000001
3 3 1 77.856
3 3 3 57.337
3 4 1 59.03
3 4 2 46.528
3 4 4 41.898
3 5 1 47.806
3 5 5 33.117
3 6 1 40.113
3 6 2 31.492
3 6 3 29.268
3 6 6 27.47
3 7 1 34.967
3 7 7 23.546
3 8 1 30.907
3 8 2 23.962
3 8 4 21.532
3 8 8 20.67
3 9 1 27.752
3 9 3 19.915
3 9 9 18.478
3 10 1 25.236
3 10 2 19.62
3 10 5 17.102
3 10 10 16.774
3 11 1 23.6
3 11 11 15.421
3 12 1 21.933
3 12 2 16.583
3 12 3 15.268
3 12 4 14.732
3 12 6 14.306
3 12 12 14.313
4 1 1 151.688
4 2 1 77.03999999999999
4 2 2 65.411
4 3 1 51.857
4 3 3 41.84
4 4 1 39.502
4 4 2 33.323
4 4 4 30.901
4 5 1 31.938
4 5 5 24.605
4 6 1 26.885
4 6 2 22.595
4 6 3 21.465
4 6 6 20.53
4 7 1 23.296
4 7 7 17.715
4 8 1 20.586
4 8 2 17.216
4 8 4 15.957
4 8 8 15.65
4 9 1 18.484
4 9 3 14.628
4 9 9 14.082
4 10 1 16.799
4 10 2 13.987
4 10 5 12.828
4 10 10 12.882
4 11 1 15.922
4 11 11 11.907
4 12 1 14.776
4 12 2 11.82
4 12 3 11.216
4 12 4 10.99
4 12 6 10.855
4 12 12 11.127
