1 1 1 453.679
1 2 1 330.911
1 2 2 330.904
1 3 1 374.578
1 3 3 374.692
1 4 1 294.712
1 4 2 294.722
1 4 4 294.909
1 5 1 293.199
1 5 5 293.452
1 6 1 252.637
1 6 2 252.584
1 6 3 252.727
1 6 6 252.676
1 7 1 230.103
1 7 7 230.31799999999998
1 8 1 206.036
1 8 2 206.076
1 8 4 206.175
1 8 8 206.383
1 9 1 184.792
1 9 3 184.925
1 9 9 185.151
1 10 1 171.534
1 10 2 171.574
1 10 5 171.692
1 10 10 171.89
1 11 1 153.266
1 11 11 153.687
1 12 1 147.1
1 12 2 147.119
1 12 3 147.155
1 12 4 147.2
1 12 6 147.29
1 12 12 147.451
2 1 1 330.990
2 2 1 295.067
2 2 2 295.075
2 3 1 252.803
2 3 3 252.94
2 4 1 206.313
2 4 2 206.373
2 4 4 206.57
2 5 1 171.81900000000002
2 5 5 172.132
2 6 1 147.403
2 6 2 147.44
2 6 3 147.51
2 6 6 147.728
2 7 1 129.561
2 7 7 129.947
2 8 1 116.021
2 8 2 116.075
2 8 4 116.201
2 8 8 116.482
2 9 1 105.19200000000001
2 9 3 105.306
2 9 9 105.74199999999999
2 10 1 95.46000000000001
2 10 2 95.497
2 10 5 95.664
2 10 10 96.076
2 11 1 86.812
2 11 11 87.793
2 12 1 79.417
2 12 2 79.459
2 12 3 79.613
2 12 4 79.577
2 12 6 79.811
2 12 12 80.521
3 1 1 374.978
3 2 1 252.99
3 2 2 252.735
3 3 1 185.148
3 3 3 185.266
3 4 1 147.428
3 4 2 147.485
3 4 4 147.529
3 5 1 112.819
3 5 5 113.201
3 6 1 105.343
3 6 2 105.25200000000001
3 6 3 105.47399999999999
3 6 6 105.551
3 7 1 87.179
3 7 7 87.486
3 8 1 79.608
3 8 2 79.571
3 8 4 79.721
3 8 8 80.345
3 9 1 73.443
3 9 3 73.53999999999999
3 9 9 73.674
3 10 1 62.788
3 10 2 62.966
3 10 5 63.317
3 10 10 63.795
3 11 1 61.44
3 11 11 62.24
3 12 1 54.623
3 12 2 54.411
3 12 3 54.679
3 12 4 54.665
3 12 6 54.657
3 12 12 54.684
4 1 1 294.837
4 2 1 206.329
4 2 2 206.36599999999999
4 3 1 147.374
4 3 3 147.457
4 4 1 115.99600000000001
4 4 2 116.088
4 4 4 116.185
4 5 1 95.489
4 5 5 95.745
4 6 1 79.436
4 6 2 79.489
4 6 3 79.639
4 6 6 80.133
4 7 1 67.659
4 7 7 68.178
4 8 1 58.448
4 8 2 58.468
4 8 4 58.611
4 8 8 59.427
4 9 1 54.469
4 9 3 54.61
4 9 9 54.32
4 10 1 50.587
4 10 2 50.627
4 10 5 50.852
4 10 10 51.398
4 11 1 46.677
4 11 11 47.533
4 12 1 43.029
4 12 2 43.072
4 12 3 43.127
4 12 4 43.2
4 12 6 43.36
4 12 12 44.105
