1 1 1 113.686
1 2 1 57.773
1 2 2 113.753
1 3 1 39.129
1 3 3 56.973
1 4 1 29.949
1 4 2 58.164
1 4 4 38.052
1 5 1 24.708
1 5 5 28.616
1 6 1 20.283
1 6 2 39.035
1 6 3 28.854
1 6 6 22.954
1 7 1 17.793
1 7 7 19.214
1 8 1 15.475
1 8 2 29.846
1 8 4 19.326
1 8 8 16.522
1 9 1 14.208
1 9 3 19.481
1 9 9 14.532
1 10 1 12.64
1 10 2 24.441
1 10 5 14.694
1 10 10 12.944
1 11 1 11.917
1 11 11 11.729
1 12 1 10.773
1 12 2 20.41
1 12 3 14.832
1 12 4 13.161
1 12 6 11.75
1 12 12 10.731
2 1 1 113.673
2 2 1 57.93
2 2 2 38.327
2 3 1 38.962
2 3 3 23.225
2 4 1 29.587
2 4 2 19.648
2 4 4 16.78
2 5 1 23.906
2 5 5 13.241
2 6 1 20.255
2 6 2 13.418
2 6 3 12.002
2 6 6 11.005
2 7 1 17.671
2 7 7 9.499
2 8 1 15.635
2 8 2 10.218
2 8 4 8.789
2 8 8 8.394
2 9 1 14.081
2 9 3 8.283
2 9 9 7.6
2 10 1 12.831
2 10 2 8.36
2 10 5 7.059
2 10 10 7.004
2 11 1 12.003
2 11 11 6.517
2 12 1 11.18
2 12 2 7.073
2 12 3 6.402
2 12 4 6.076
2 12 6 5.91
2 12 12 6.086
3 1 1 113.687
3 2 1 29.359
3 2 2 23.196
3 3 1 19.78
3 3 3 14.72
3 4 1 15.079
3 4 2 12.011
3 4 4 10.908
3 5 1 12.268
3 5 5 8.772
3 6 1 10.352
3 6 2 8.269
3 6 3 7.749
3 6 6 7.411
3 7 1 9.08
3 7 7 6.511
3 8 1 8.058
3 8 2 6.401
3 8 4 5.833
3 8 8 5.908
3 9 1 7.26
3 9 3 5.391
3 9 9 5.404
3 10 1 6.649
3 10 2 5.282
3 10 5 4.779
3 10 10 5.001
3 11 1 6.279
3 11 11 4.784
3 12 1 5.837
3 12 2 4.496
3 12 3 4.211
3 12 4 4.126
3 12 6 4.115
3 12 12 4.497
4 1 1 113.687
4 2 1 19.631
4 2 2 16.705
4 3 1 13.287
4 3 3 10.866
4 4 1 10.208
4 4 2 8.695
4 4 4 8.179
4 5 1 8.315
4 5 5 6.662
4 6 1 7.055
4 6 2 6.01
4 6 3 5.802
4 6 6 5.714
4 7 1 6.157
4 7 7 5.09
4 8 1 5.473
4 8 2 4.655
4 8 4 4.464
4 8 8 4.627
4 9 1 4.944
4 9 3 4.059
4 9 9 4.345
4 10 1 4.527
4 10 2 3.849
4 10 5 3.742
4 10 10 4.126
4 11 1 4.3
4 11 11 3.968
4 12 1 4.02
4 12 2 3.309
4 12 3 3.196
4 12 4 3.186
4 12 6 3.287
4 12 12 3.868
