1 1 1 113.52000000000001
1 2 1 82.82
1 2 2 82.84700000000001
1 3 1 93.729
1 3 3 93.83
1 4 1 73.752
1 4 2 73.79599999999999
1 4 4 73.82300000000001
1 5 1 73.382
1 5 5 73.514
1 6 1 63.233
1 6 2 63.222
1 6 3 63.252
1 6 6 63.321
1 7 1 57.56
1 7 7 57.78
1 8 1 51.575
1 8 2 51.599
1 8 4 51.664
1 8 8 51.792
1 9 1 46.284
1 9 3 46.317
1 9 9 46.525
1 10 1 42.955
1 10 2 42.973
1 10 5 43.067
1 10 10 43.21
1 11 1 38.372
1 11 11 38.731
1 12 1 36.882
1 12 2 36.842
1 12 3 36.948
1 12 4 36.884
1 12 6 36.946
1 12 12 37.154
2 1 1 113.518
2 2 1 74.103
2 2 2 74.169
2 3 1 63.515
2 3 3 63.613
2 4 1 51.866
2 4 2 51.987
2 4 4 52.026
2 5 1 43.267
2 5 5 43.478
2 6 1 37.131
2 6 2 37.159
2 6 3 37.203
2 6 6 37.383
2 7 1 32.692
2 7 7 33.039
2 8 1 29.278
2 8 2 29.317
2 8 4 29.41
2 8 8 29.688
2 9 1 26.562
2 9 3 26.65
2 9 9 27.078
2 10 1 24.188
2 10 2 24.228
2 10 5 24.38
2 10 10 24.751
2 11 1 22.013
2 11 11 22.742
2 12 1 20.156
2 12 2 20.209
2 12 3 20.283
2 12 4 20.314
2 12 6 20.517
2 12 12 21.055
3 1 1 113.52199999999999
3 2 1 63.507
3 2 2 63.542
3 3 1 46.614
3 3 3 46.723
3 4 1 37.201
3 4 2 37.169
3 4 4 37.277
3 5 1 28.498
3 5 5 28.789
3 6 1 26.678
3 6 2 26.627
3 6 3 26.768
3 6 6 26.893
3 7 1 22.087
3 7 7 22.455
3 8 1 20.193
3 8 2 20.27
3 8 4 20.436
3 8 8 20.759
3 9 1 18.623
3 9 3 18.697
3 9 9 19.172
3 10 1 16.056
3 10 2 16.045
3 10 5 16.397
3 10 10 16.883
3 11 1 15.734
3 11 11 16.379
3 12 1 13.962
3 12 2 14.01
3 12 3 13.997
3 12 4 14.039
3 12 6 14.103
3 12 12 14.357
