1 1 1 4.658
1 2 1 2.423
1 2 2 4.678
1 3 1 1.664
1 3 3 2.426
1 4 1 1.292
1 4 2 2.443
1 4 4 1.683
1 5 1 1.083
1 5 5 1.329
1 6 1 0.906
1 6 2 1.702
1 6 3 1.312
1 6 6 1.131
1 7 1 0.809
1 7 7 1.012
1 8 1 0.719
1 8 2 1.31
1 8 4 0.938
1 8 8 0.927
1 9 1 0.666
1 9 3 0.928
1 9 9 0.851
1 10 1 0.604
1 10 2 1.082
1 10 5 0.77
1 10 10 0.837
1 11 1 0.578
1 11 11 0.804
1 12 1 0.534
1 12 2 0.958
1 12 3 0.744
1 12 4 0.692
1 12 6 0.691
1 12 12 0.779
2 1 1 4.645
2 2 1 2.763
2 2 2 1.978
2 3 1 1.969
2 3 3 1.412
2 4 1 1.605
2 4 2 1.224
2 4 4 1.192
2 5 1 1.362
2 5 5 1.118
2 6 1 1.23
2 6 2 0.978
2 6 3 0.955
2 6 6 1.085
2 7 1 1.109
2 7 7 1.096
2 8 1 1.041
2 8 2 0.86
2 8 4 0.873
2 8 8 1.139
2 9 1 0.984
2 9 3 0.81
2 9 9 1.199
2 10 1 0.914
2 10 2 0.781
2 10 5 0.864
2 10 10 1.226
2 11 1 0.878
2 11 11 1.27
2 12 1 0.848
2 12 2 0.72
2 12 3 0.733
2 12 4 0.778
2 12 6 0.888
2 12 12 1.38
3 1 1 4.647
3 2 1 1.595
3 2 2 1.374
3 3 1 1.206
3 3 3 1.088
3 4 1 1.014
3 4 2 0.936
3 4 4 0.99
3 5 1 0.904
3 5 5 0.971
3 6 1 0.827
3 6 2 0.795
3 6 3 0.811
3 6 6 0.985
3 7 1 0.784
3 7 7 1.036
3 8 1 0.752
3 8 2 0.712
3 8 4 0.788
3 8 8 1.186
3 9 1 0.7
3 9 3 0.716
3 9 9 1.18
3 10 1 0.689
3 10 2 0.661
3 10 5 0.8
3 10 10 1.259
3 11 1 0.662
3 11 11 1.34
3 12 1 0.655
3 12 2 0.639
3 12 3 0.674
3 12 4 0.729
3 12 6 0.862
3 12 12 1.392
4 1 1 4.646
4 2 1 1.219
4 2 2 1.116
4 3 1 0.965
4 3 3 0.951
4 4 1 0.825
4 4 2 0.81
4 4 4 0.912
4 5 1 0.753
4 5 5 0.934
4 6 1 0.707
4 6 2 0.702
4 6 3 0.742
4 6 6 0.956
4 7 1 0.665
4 7 7 1.039
4 8 1 0.639
4 8 2 0.651
4 8 4 0.755
4 8 8 1.167
4 9 1 0.616
4 9 3 0.672
4 9 9 1.218
4 10 1 0.608
4 10 2 0.61
4 10 5 0.809
4 10 10 1.307
4 11 1 0.581
4 11 11 1.431
4 12 1 0.58
4 12 2 0.585
4 12 3 0.641
4 12 4 0.709
4 12 6 0.859
4 12 12 1.573
