1 1 100000 11.686
1 2 100000 5.995
1 3 100000 4.848
1 4 100000 4.018
1 5 100000 3.43
1 6 100000 3.129
1 7 100000 2.922
1 8 100000 2.711
1 9 100000 2.589
1 10 100000 2.455
1 11 100000 2.366
1 12 100000 2.31
2 1 100000 6.01
2 2 100000 4.357
2 3 100000 3.43
2 4 100000 3.032
2 5 100000 2.712
2 6 100000 2.574
2 7 100000 2.496
2 8 100000 2.479
2 9 100000 2.47
2 10 100000 2.447
2 11 100000 2.479
2 12 100000 2.556
3 1 100000 4.841
3 2 100000 3.397
3 3 100000 2.759
3 4 100000 2.423
3 5 100000 2.239
3 6 100000 2.209
3 7 100000 2.155
3 8 100000 2.169
3 9 100000 2.229
3 10 100000 2.249
3 11 100000 2.36
3 12 100000 2.57
4 1 100000 4.036
4 2 100000 2.958
4 3 100000 2.399
4 4 100000 2.126
4 5 100000 2.042
4 6 100000 2.025
4 7 100000 2.071
4 8 100000 2.088
4 9 100000 2.112
4 10 100000 2.333
4 11 100000 2.322
4 12 100000 2.478
1 1 1000000 1147.665
1 2 1000000 576.514
1 3 1000000 458.443
1 4 1000000 370.426
1 5 1000000 306.545
1 6 1000000 273.677
1 7 1000000 245.142
1 8 1000000 222.022
1 9 1000000 201.041
1 10 1000000 184.449
1 11 1000000 170.78300000000002
1 12 1000000 159.076
2 1 1000000 576.938
2 2 1000000 370.796
2 3 1000000 270.28
2 4 1000000 220.887
2 5 1000000 184.666
2 6 1000000 160.024
2 7 1000000 139.682
2 8 1000000 124.039
2 9 1000000 111.616
2 10 1000000 101.791
2 11 1000000 93.58
2 12 1000000 87.132
3 1 1000000 458.267
3 2 1000000 270.7
3 3 1000000 200.659
3 4 1000000 158.732
3 5 1000000 130.877
3 6 1000000 111.594
3 7 1000000 97.458
3 8 1000000 86.441
3 9 1000000 77.85
3 10 1000000 70.89
3 11 1000000 65.207
3 12 1000000 60.553
4 1 1000000 370.417
4 2 1000000 221.476
4 3 1000000 159.15
4 4 1000000 123.752
4 5 1000000 101.956
4 6 1000000 86.53999999999999
4 7 1000000 75.47
4 8 1000000 66.874
4 9 1000000 60.073
4 10 1000000 54.781
4 11 1000000 50.516
4 12 1000000 47.142
