1 1 100000 0m0.200s
1 2 100000 0m0.250s
1 3 100000 0m0.276s
1 4 100000 0m0.317s
1 5 100000 0m0.369s
1 6 100000 0m0.408s
1 7 100000 0m0.482s
1 8 100000 0m0.543s
1 9 100000 0m0.532s
1 10 100000 0m0.582s
1 11 100000 0m0.659s
1 12 100000 0m0.718s
2 1 100000 0m0.246s
2 2 100000 0m0.625s
2 3 100000 0m0.750s
2 4 100000 0m0.760s
2 5 100000 0m0.809s
2 6 100000 0m0.927s
2 7 100000 0m1.048s
2 8 100000 0m1.112s
2 9 100000 0m1.242s
2 10 100000 0m1.379s
2 11 100000 0m1.517s
2 12 100000 0m1.631s
3 1 100000 0m0.273s
3 2 100000 0m0.657s
3 3 100000 0m0.691s
3 4 100000 0m0.788s
3 5 100000 0m0.886s
3 6 100000 0m0.990s
3 7 100000 0m1.100s
3 8 100000 0m1.255s
3 9 100000 0m1.351s
3 10 100000 0m1.561s
3 11 100000 0m1.586s
3 12 100000 0m1.887s
4 1 100000 0m0.328s
4 2 100000 0m0.627s
4 3 100000 0m0.712s
4 4 100000 0m0.812s
4 5 100000 0m0.922s
4 6 100000 0m1.052s
4 7 100000 0m1.197s
4 8 100000 0m1.334s
4 9 100000 0m1.427s
4 10 100000 0m1.628s
4 11 100000 0m1.769s
4 12 100000 0m1.920s
1 1 1000000 0m0.304s
1 2 1000000 0m0.311s
1 3 1000000 0m0.336s
1 4 1000000 0m0.387s
1 5 1000000 0m0.428s
1 6 1000000 0m0.473s
1 7 1000000 0m0.525s
1 8 1000000 0m0.613s
1 9 1000000 0m0.641s
1 10 1000000 0m0.652s
1 11 1000000 0m0.688s
1 12 1000000 0m0.768s
2 1 1000000 0m0.311s
2 2 1000000 0m0.689s
2 3 1000000 0m0.768s
2 4 1000000 0m0.829s
2 5 1000000 0m0.902s
2 6 1000000 0m1.006s
2 7 1000000 0m1.118s
2 8 1000000 0m1.230s
2 9 1000000 0m1.322s
2 10 1000000 0m1.503s
2 11 1000000 0m1.589s
2 12 1000000 0m1.813s
3 1 1000000 0m0.347s
3 2 1000000 0m0.709s
3 3 1000000 0m0.757s
3 4 1000000 0m0.852s
3 5 1000000 0m0.952s
3 6 1000000 0m1.074s
3 7 1000000 0m1.216s
3 8 1000000 0m1.356s
3 9 1000000 0m1.528s
3 10 1000000 0m1.721s
3 11 1000000 0m1.731s
3 12 1000000 0m1.890s
4 1 1000000 0m0.382s
4 2 1000000 0m0.715s
4 3 1000000 0m0.786s
4 4 1000000 0m0.908s
4 5 1000000 0m1.008s
4 6 1000000 0m1.142s
4 7 1000000 0m1.270s
4 8 1000000 0m1.432s
4 9 1000000 0m1.589s
4 10 1000000 0m1.691s
4 11 1000000 0m1.879s
4 12 1000000 0m2.048s
1 1 10000000 0m13.662s
1 2 10000000 0m1.118s
1 3 10000000 0m1.068s
1 4 10000000 0m1.059s
1 5 10000000 0m1.451s
1 6 10000000 0m1.163s
1 7 10000000 0m1.197s
1 8 10000000 0m1.237s
1 9 10000000 0m1.312s
1 10 10000000 0m1.320s
1 11 10000000 0m1.402s
1 12 10000000 0m1.462s
2 1 10000000 0m1.130s
2 2 10000000 0m1.372s
2 3 10000000 0m1.421s
2 4 10000000 0m1.471s
2 5 10000000 0m1.580s
2 6 10000000 0m1.687s
2 7 10000000 0m1.892s
2 8 10000000 0m2.019s
2 9 10000000 0m2.151s
2 10 10000000 0m2.258s
2 11 10000000 0m2.476s
2 12 10000000 0m2.688s
3 1 10000000 0m1.060s
3 2 10000000 0m1.384s
3 3 10000000 0m1.449s
3 4 10000000 0m1.561s
3 5 10000000 0m1.711s
3 6 10000000 0m1.869s
3 7 10000000 0m2.067s
3 8 10000000 0m2.297s
3 9 10000000 0m2.398s
3 10 10000000 0m2.634s
3 11 10000000 0m2.864s
3 12 10000000 0m3.099s
4 1 10000000 0m1.059s
4 2 10000000 0m1.395s
4 3 10000000 0m1.503s
4 4 10000000 0m1.650s
4 5 10000000 0m1.835s
4 6 10000000 0m2.046s
4 7 10000000 0m2.234s
4 8 10000000 0m2.453s
4 9 10000000 0m2.620s
4 10 10000000 0m2.913s
4 11 10000000 0m3.062s
4 12 10000000 0m3.484s
1 1 84000000 0m29.218s
1 2 84000000 0m8.306s
1 3 84000000 0m7.220s
1 4 84000000 0m6.817s
1 5 84000000 0m6.656s
1 6 84000000 0m6.657s
1 7 84000000 0m6.706s
1 8 84000000 0m6.722s
1 9 84000000 0m6.794s
1 10 84000000 0m6.957s
1 11 84000000 0m7.055s
1 12 84000000 0m7.222s
2 1 84000000 0m8.290s
2 2 84000000 0m9.962s
2 3 84000000 0m6.967s
2 4 84000000 0m6.982s
2 5 84000000 0m7.214s
2 6 84000000 0m7.548s
2 7 84000000 0m7.829s
2 8 84000000 0m8.192s
2 9 84000000 0m8.539s
2 10 84000000 0m8.974s
2 11 84000000 0m9.329s
2 12 84000000 0m9.733s
3 1 84000000 0m9.645s
3 2 84000000 0m6.993s
3 3 84000000 0m7.064s
3 4 84000000 0m7.404s
3 5 84000000 0m7.855s
3 6 84000000 0m8.347s
3 7 84000000 0m8.894s
3 8 84000000 0m9.419s
3 9 84000000 0m9.968s
3 10 84000000 0m10.616s
3 11 84000000 0m11.224s
3 12 84000000 0m11.709s
4 1 84000000 0m6.808s
4 2 84000000 0m6.989s
4 3 84000000 0m7.400s
4 4 84000000 0m7.979s
4 5 84000000 0m8.588s
4 6 84000000 0m9.268s
4 7 84000000 0m10.031s
4 8 84000000 0m10.696s
4 9 84000000 0m11.432s
4 10 84000000 0m12.279s
4 11 84000000 0m12.991s
4 12 84000000 0m13.957s
