1 1 100000 0m12.188s
1 2 100000 0m6.261s
1 3 100000 0m5.199s
1 4 100000 0m4.328s
1 5 100000 0m3.776s
1 6 100000 0m3.438s
1 7 100000 0m3.274s
1 8 100000 0m3.136s
1 9 100000 0m3.012s
1 10 100000 0m2.830s
1 11 100000 0m2.759s
1 12 100000 0m2.565s
2 1 100000 0m6.310s
2 2 100000 0m4.897s
2 3 100000 0m4.008s
2 4 100000 0m3.575s
2 5 100000 0m3.372s
2 6 100000 0m3.187s
2 7 100000 0m3.107s
2 8 100000 0m3.158s
2 9 100000 0m3.167s
2 10 100000 0m3.113s
2 11 100000 0m3.305s
2 12 100000 0m3.174s
3 1 100000 0m5.201s
3 2 100000 0m4.108s
3 3 100000 0m3.495s
3 4 100000 0m3.045s
3 5 100000 0m2.999s
3 6 100000 0m2.971s
3 7 100000 0m2.996s
3 8 100000 0m2.944s
3 9 100000 0m3.072s
3 10 100000 0m3.076s
3 11 100000 0m3.418s
3 12 100000 0m3.303s
1 1 1000000 19m47.347s
1 2 1000000 9m58.699s
1 3 1000000 7m59.798s
1 4 1000000 6m29.045s
1 5 1000000 5m23.259s
1 6 1000000 4m48.971s
1 7 1000000 4m20.492s
1 8 1000000 3m56.362s
1 9 1000000 3m35.656s
1 10 1000000 3m17.801s
1 11 1000000 3m3.727s
1 12 1000000 2m49.427s
2 1 1000000 9m58.330s
2 2 1000000 6m32.535s
2 3 1000000 4m49.564s
2 4 1000000 4m0.197s
2 5 1000000 3m22.675s
2 6 1000000 2m57.080s
2 7 1000000 2m35.585s
2 8 1000000 2m21.136s
2 9 1000000 2m6.960s
2 10 1000000 1m55.965s
2 11 1000000 1m47.013s
2 12 1000000 1m38.224s
3 1 1000000 7m59.679s
3 2 1000000 4m51.932s
3 3 1000000 3m41.093s
3 4 1000000 2m56.343s
3 5 1000000 2m27.443s
3 6 1000000 2m7.963s
3 7 1000000 1m52.014s
3 8 1000000 1m39.347s
3 9 1000000 1m30.339s
3 10 1000000 1m22.624s
3 11 1000000 1m17.940s
3 12 1000000 1m11.388s
4 1 1000000 6m29.155s
4 2 1000000 4m0.312s
4 3 1000000 2m56.165s
4 4 1000000 2m20.093s
4 5 1000000 1m57.173s
4 6 1000000 1m39.890s
4 7 1000000 1m28.290s
4 8 1000000 1m20.076s
4 9 1000000 1m12.561s
4 10 1000000 1m6.932s
4 11 1000000 1m4.196s
4 12 1000000 0m56.498s
